id,category
955,1
3532,1
1390,1
1024,1
1902,1
1156,1
2205,1
885,1
1116,1
3739,1
4003,3
152,2
930,1
2840,1
2902,1
2622,1
3158,1
1290,1
1731,1
1537,1
1897,1
752,1
343,2
4004,1
3021,1
2162,1
112,1
2538,1
3862,1
2498,1
3492,4
850,1
1158,1
1505,1
1229,1
986,1
3215,1
4032,1
706,4
2459,1
1336,1
1836,1
3381,1
2794,1
3115,1
531,1
921,1
693,1
1929,1
2412,1
3086,1
1185,2
2690,1
2306,1
3390,3
1616,1
498,1
439,1
2202,1
855,1
3693,1
357,1
1200,1
462,2
267,1
720,1
2139,1
2093,1
2255,1
1355,1
3141,1
3435,1
1637,1
2702,1
2309,1
2886,1
3287,1
668,2
2878,1
2836,1
494,1
423,1
485,2
1526,1
339,1
4068,1
332,1
3989,1
578,1
2438,1
3395,1
2211,1
366,1
1928,1
1903,1
3265,1
1953,1
2865,1
2003,4
810,1
2269,1
2150,1
557,1
572,2
3746,1
470,1
1499,1
707,2
2503,1
636,1
2787,1
3920,1
620,1
1472,1
2181,1
3819,1
3745,1
3412,1
1387,1
1509,1
2670,1
2599,1
1448,1
1877,1
2819,1
174,2
2426,1
1696,1
3563,1
1647,1
260,1
2860,1
2258,1
1246,1
3544,1
1787,1
2145,1
2725,1
2157,1
1872,1
1601,1
2386,1
1321,1
3597,1
1618,1
3452,1
2382,1
649,1
4122,1
459,1
3484,1
3406,1
1178,1
2925,3
3151,1
3200,1
1304,1
3133,1
2520,1
2263,4
2370,2
2056,1
2347,1
1573,1
980,1
2855,1
2767,1
1815,1
1782,2
2144,1
1866,1
2750,1
3337,1
1518,1
1850,1
1820,1
468,1
2607,1
2544,1
2940,1
2138,1
1138,1
2891,1
3308,3
1922,1
2811,1
4095,3
6,4
3171,1
3306,1
2229,1
2435,1
2234,1
2318,1
661,1
3521,1
1954,1
1588,1
2141,1
2242,1
223,1
1255,1
2921,1
3882,1
1939,1
159,1
1477,2
1237,1
374,1
1096,4
3609,1
2203,1
1624,1
2831,1
1453,1
925,1
3209,1
39,1
2847,1
1579,1
3966,1
2463,1
1790,1
801,1
241,1
1094,1
2081,1
3447,1
3767,1
86,1
3070,1
1180,1
1931,1
2436,1
2392,1
3228,1
2358,1
618,2
3367,1
3324,1
1714,1
2036,1
386,1
4075,1
1058,1
3527,1
2889,1
4060,1
3849,1
2984,1
1702,1
1587,1
70,2
988,1
972,1
952,1
625,1
1957,1
1913,1
1148,1
1842,1
1745,1
2866,1
3208,1
460,1
16,1
3053,1
249,1
2338,1
409,1
2852,1
304,1
1524,1
3226,1
2402,1
798,1
3573,1
2562,1
3132,1
1241,2
1783,1
844,1
2262,1
1834,1
2848,1
3874,1
2377,1
2243,1
