id,category
955,2
3532,1
1390,2
1024,1
1902,2
1156,2
2205,4
885,3
1116,2
3739,1
4003,4
152,4
930,4
2840,1
2902,1
2622,1
3158,1
1290,2
1731,2
1537,1
1897,1
752,1
343,2
4004,2
3021,2
2162,1
112,1
2538,2
3862,3
2498,3
3492,4
850,2
1158,4
1505,1
1229,1
986,3
3215,2
4032,2
706,2
2459,2
1336,1
1836,1
3381,4
2794,1
3115,1
531,2
921,1
693,2
1929,1
2412,1
3086,1
1185,2
2690,1
2306,1
3390,1
1616,1
498,2
439,1
2202,1
855,1
3693,2
357,1
1200,1
462,1
267,1
720,4
2139,2
2093,3
2255,2
1355,1
3141,1
3435,4
1637,1
2702,1
2309,4
2886,1
3287,2
668,1
2878,1
2836,1
494,4
423,2
485,2
1526,1
339,1
4068,2
332,1
3989,4
578,1
2438,3
3395,3
2211,2
366,1
1928,4
1903,1
3265,1
1953,2
2865,1
2003,1
810,1
2269,1
2150,1
557,1
572,1
3746,4
470,2
1499,1
707,2
2503,2
636,1
2787,1
3920,1
620,1
1472,1
2181,1
3819,3
3745,1
3412,3
1387,3
1509,1
2670,1
2599,1
1448,2
1877,1
2819,3
174,1
2426,1
1696,1
3563,1
1647,1
260,1
2860,3
2258,2
1246,2
3544,3
1787,1
2145,1
2725,1
2157,1
1872,1
1601,1
2386,1
1321,1
3597,1
1618,1
3452,2
2382,1
649,2
4122,1
459,1
3484,1
3406,1
1178,1
2925,2
3151,1
3200,1
1304,1
3133,1
2520,1
2263,1
2370,1
2056,1
2347,4
1573,1
980,1
2855,1
2767,1
1815,1
1782,1
2144,2
1866,1
2750,1
3337,1
1518,2
1850,1
1820,1
468,1
2607,3
2544,1
2940,2
2138,2
1138,1
2891,4
3308,2
1922,4
2811,2
4095,1
6,4
3171,4
3306,3
2229,1
2435,4
2234,1
2318,2
661,1
3521,2
1954,1
1588,1
2141,1
2242,2
223,2
1255,2
2921,2
3882,1
1939,2
159,2
1477,2
1237,1
374,1
1096,4
3609,1
2203,1
1624,1
2831,3
1453,1
925,2
3209,1
39,1
2847,1
1579,1
3966,1
2463,1
1790,2
801,2
241,2
1094,2
2081,1
3447,1
3767,1
86,2
3070,2
1180,1
1931,1
2436,2
2392,3
3228,1
2358,1
618,1
3367,3
3324,1
1714,2
2036,3
386,2
4075,1
1058,4
3527,3
2889,1
4060,3
3849,1
2984,3
1702,3
1587,1
70,2
988,4
972,2
952,1
625,1
1957,2
1913,1
1148,1
1842,1
1745,3
2866,1
3208,1
460,1
16,1
3053,2
249,1
2338,1
409,1
2852,1
304,1
1524,1
3226,1
2402,1
798,1
3573,1
2562,1
3132,1
1241,1
1783,1
844,4
2262,1
1834,1
2848,1
3874,1
2377,1
2243,1
